88897	67133
31998	88093
94787	49335
79619	66181
27483	38965
44948	17505
93169	69592
96507	37773
10890	28371
52411	31557
88360	54619
27393	18301
79895	44325
4416	26122
56574	51212
34697	78108
66201	61823
11159	66696
49229	77340
16305	90778
24636	76712
62656	77605
31731	17805
46177	59164
90721	58973
13592	98588
33241	95434
56111	40985
83459	13136
64349	76880
54988	40034
1857	99046
82094	37541
14881	13016
20147	31324
24388	47538
25144	44783
78940	87045
62561	56875
32200	41469
56409	69634
81420	45792
86778	89650
2787	53884
30764	70237
26623	83488
98886	2104
39645	28481
57849	80981
12305	54526
2064	94348
55483	53045
56442	43560
16787	34424
75893	19003
4990	48987
94780	48655
38305	2762
56646	97910
68147	57444
57284	87410
89514	11123
39604	56171
37152	45511
37	13805
8154	65809
18854	18454
78366	63637
14413	75297
10652	11506
60493	6659
55314	31994
51109	71625
69535	9971
67416	7755
11518	54035
65158	24700
80871	17384
62896	21114
51271	34375
16536	79285
14091	59425
39415	35391
27040	8810
20316	53828
60487	54044
2391	80809
68787	32153
42125	53500
77607	54674
8709	25893
66945	89125
22862	90219
27685	64169
98544	85758
81395	78957
38382	31433
83176	11839
20649	94149
47978	26568
80612	40965
38126	24817
73323	83003
52855	23265
77940	31800
57693	30463
35940	86649
93221	24638
5159	58802
60912	20906
99863	20056
51489	42308
70499	54598
48747	34665
61233	7500
48465	13077
37895	58197
57553	2943
42561	27570
59370	10408
57223	20501
23502	33415
74405	93164
51966	16723
37630	79565
99621	12879
71539	37493
8443	67462
2127	58390
65890	57191
70268	79712
37909	30707
50002	24515
52085	11814
38575	92563
13064	27807
61222	95798
88962	36567
53290	35628
15193	57281
70160	7272
61118	31166
98628	58051
16441	69561
26752	755
96819	82331
29390	13373
37888	51080
62895	79392
71956	6326
34133	1470
13620	85020
37939	95356
30984	2583
59864	7582
14854	62529
93695	46376
4427	75972
61886	8675
25782	37220
35903	88638
2011	22601
73681	65293
44685	56252
62578	52928
70750	32993
18014	96711
8419	84371
86954	55953
79887	55755
18284	63170
9546	94742
87066	28331
37006	30325
83897	48952
53943	62788
1741	19800
1445	72306
28558	75423
44703	46130
95476	7488
20552	15454
16177	13490
85795	28971
84727	19483
82653	65683
76777	19363
47695	8551
55228	63843
29148	1053
80194	39125
75277	99443
71749	81935
73710	76722
39204	16660
40500	18414
50220	34680
64522	61052
90024	66397
85880	50318
32353	74751
10466	84885
93436	25482
89325	58161
75567	65016
4141	34825
34268	55761
37696	79418
72492	22370
39030	11407
46173	11696
46377	95882
56935	96393
79142	27251
93921	46959
38062	81374
66259	26274
51756	48528
23042	76047
41063	57434
8611	98609
70722	45204
40974	42880
81602	8418
36177	29818
41514	36984
32866	98702
11447	4243
31495	89801
36760	90589
71963	25416
68043	74822
39703	54574
30621	36151
9937	62745
77706	71684
33240	18549
77781	48428
73198	90566
20384	59383
96367	25728
24430	78251
98846	45585
35387	35878
42819	30341
72110	88499
63322	31135
85709	56505
92656	19377
82122	16331
4367	18946
37495	59828
24608	53960
44526	31628
7363	97806
23534	81263
75866	20082
65667	47965
195	74712
21406	1054
89554	43014
74149	93516
50021	69228
88605	76211
92542	59029
77975	87079
63259	13261
67221	31822
63450	87867
85673	28100
25715	87165
7247	25560
73525	1581
76293	72915
90321	90072
33086	97699
7567	96227
65455	23588
99799	73940
49322	70412
73843	8693
21954	27297
75472	37102
41321	5528
49980	55274
42440	43347
68907	75695
77276	49687
38954	58784
48856	69921
83973	29276
25503	81942
21882	91540
81833	7311
94075	21681
46726	31155
74804	84271
37725	85033
90561	50276
5551	79047
22394	40541
32588	64343
30382	91301
50085	26216
96137	69337
14965	98941
97235	80110
88003	56820
80483	35470
57151	86188
17343	74559
58830	20230
5263	92147
58776	12907
91954	12176
52717	64327
45022	14348
22001	1657
27873	75404
44741	88438
87379	40362
20473	59706
32879	967
36437	24828
11016	13362
4273	9940
30170	44711
36858	79455
92363	51785
63961	95634
76313	84317
15018	33030
34687	21335
96740	37019
25458	78912
19275	57833
33892	29189
46508	56100
80928	66771
96485	99297
9238	8296
53007	759
80214	55760
7546	6217
18204	72577
73247	87859
20890	94517
32205	88265
41636	55577
34490	45297
19482	83446
12636	53765
26217	53374
36497	75496
74794	7145
31793	49335
50094	384
56144	84800
7369	30308
19238	80042
67902	25573
36443	92485
97102	88792
60721	68648
30297	38738
22185	11563
81680	49779
19506	51173
26669	7897
31394	72355
21690	17815
18199	63187
64339	88136
18445	90696
70738	71709
97282	54035
62872	54992
43784	33725
18725	59974
15064	20858
48773	49022
15154	53601
4774	46806
54703	51012
23367	47796
81963	2450
65637	61410
49546	163
90859	29977
18038	84343
54730	77949
32942	15320
65398	17602
93928	93078
30288	84123
33146	8993
78946	79062
25868	64652
15664	83721
47869	96923
99373	55383
33145	46184
46347	81363
27692	82692
83387	53558
47860	45730
77402	38118
72072	97154
90232	42800
26924	66001
91346	20521
15935	76422
57426	70292
70365	58155
71430	73090
44825	34586
80771	87156
68519	77971
77015	43470
13381	12563
74645	76754
14872	61241
58395	52047
94848	3297
69298	64979
1852	38124
30898	76996
47288	34139
92294	88324
77766	34006
68592	63725
50881	22591
16914	65715
9186	35752
48315	93929
70684	22567
160	22960
91359	1908
5205	74907
56238	2559
40683	90855
84203	58091
92230	87933
76257	31492
81850	877
80954	54023
76615	50442
16158	48187
83939	9881
3811	41696
80615	48606
87918	90847
9107	80775
72034	95629
98189	30665
37872	28272
2715	55224
43158	22076
69920	11298
12175	35767
89791	51770
18564	9481
57668	82758
92639	51074
92770	57959
22917	12802
20001	73385
70512	27187
22816	45461
76126	58898
87171	37357
92582	13998
36074	6238
17536	52092
87859	5994
74116	29711
55544	94002
93112	92681
43755	13212
87523	2104
14906	36526
26263	10440
53979	51260
96721	13128
72026	76796
30505	89199
3197	75549
81788	39439
7883	55624
77970	99324
45388	12095
6097	52087
61120	932
30497	99210
17666	4875
57753	34372
61165	48924
184	369
13497	15144
8292	13257
2456	1875
93777	38798
78237	22006
77630	75565
91241	86121
98216	71952
24039	52981
70266	20665
36227	85159
6387	17115
51487	53893
2818	64140
80861	12652
27797	3002
32612	94358
12586	36089
91239	35068
57074	6363
98280	69477
71950	34704
23009	5873
75207	70166
7183	47048
48560	45473
62588	43411
97304	54947
35439	30427
43080	16474
35829	16301
27011	87229
23318	68441
3509	55949
78664	30910
387	76936
27992	93296
99170	88689
75207	51001
14402	74377
36202	82390
42153	62962
34261	15142
45569	55810
72284	86052
18705	88649
75878	8113
92906	45717
18018	15549
46459	12768
89704	96683
89979	63198
51887	17696
85050	5501
96230	27094
25836	99452
62414	48784
63926	67990
23800	13027
99079	9496
14497	96084
20550	34137
96206	90376
22277	29808
42576	14224
27259	85088
48286	32280
66329	33591
55444	173
43619	51379
50831	51675
16811	85807
53797	29597
58976	80738
6586	77597
90034	58055
92192	21083
27811	26936
56744	4750
18975	50088
35176	99321
47953	46234
79825	99814
16339	14282
82013	35270
3297	76310
62118	49196
78793	20108
17198	15915
9865	37769
12177	23784
61220	99899
43187	20721
25472	89031
55472	99931
15604	44447
7033	7000
6815	63558
94192	3211
54833	39506
15817	76206
41754	74482
10942	77935
93850	20548
74669	28141
68277	3715
19966	86846
23920	29497
18529	63153
63085	49392
10191	90353
97353	78689
58599	33576
53139	20520
60027	52792
45350	7972
98806	75844
53779	3456
24004	9749
37890	63981
67697	98674
1872	22519
52017	4015
67169	25792
91536	86898
77251	46606
41647	18079
51656	90956
11477	247
69391	4795
29120	71504
63700	31093
34549	27926
54027	33831
97812	74906
89932	91917
30789	81861
85877	91804
33949	82806
69704	53046
16004	41837
59917	46955
37911	57651
74250	27925
49072	65740
53596	43641
91086	94544
22471	17296
67479	41988
16894	76498
84768	65292
47153	6826
14982	15557
14715	49382
18780	65283
23473	84419
47726	34784
92436	83390
27667	1989
84082	83038
26680	93091
87636	37678
71327	34118
76106	10107
2957	38806
20450	93000
16178	4077
35986	83956
33338	31161
12796	50701
35120	52119
86903	36269
36011	99198
17540	95691
78730	63678
56770	1622
39300	21762
55880	44406
70865	26979
65786	48339
41339	90174
94252	2588
86544	73870
5031	30238
80940	19883
72002	34179
70449	32412
47963	75257
87301	6460
86491	65503
67125	82383
20497	59613
4019	22777
49757	92729
41068	91236
81410	31895
34483	98760
72630	75662
22253	21028
57263	94013
28192	3193
51957	45617
37226	98641
21454	99920
81775	40879
23262	7945
67558	48900
88030	60111
52841	87929
79165	54139
2386	10261
9021	76927
68942	36869
74249	98003
92016	91195
10740	47864
93481	36561
51554	62697
78970	47060
87939	73008
97305	60745
25998	27554
87665	81215
85496	14028
84519	56858
67120	64661
57941	86905
40126	92493
6849	26883
18078	30728
78592	15217
51778	45170
7867	88426
35486	19685
9045	3189
63935	39777
67331	22703
3918	89933
20313	71349
28207	89415
70428	4832
8089	11679
20525	28369
71604	48215
78943	27374
58943	6034
51204	73888
78666	27074
46759	75424
78613	14152
70281	55804
78507	58900
65185	37613
25314	98778
4545	1850
6682	53521
81553	74973
19695	31123
79339	18430
62156	7651
13686	74634
64874	21099
48173	81242
56666	43540
74044	11284
83441	51632
26884	44326
98291	78300
77078	92070
93920	23605
93478	81623
72949	16955
48078	91383
9813	8996
16647	43769
34756	88321
9421	30333
27928	99630
59523	73946
85231	946
52578	33567
94245	68672
46972	79463
87885	8888
48845	40403
38378	81805
98760	42324
50059	11327
20323	63191
6960	76225
64546	36971
83656	58068
57699	90319
64266	11584
12531	33574
83493	65849
34521	81461
77276	77739
2979	97845
38248	65161
46967	51825
10501	92979
4306	62079
25270	60560
36785	24630
77953	48583
6651	17684
8003	77961
89546	80702
14276	88621
54470	18429
16242	97770
91861	5343
19541	93519
58680	94840
46665	74141
67120	21999
431	57166
34079	71427
12409	25701
90636	87216
4900	6714
84675	97288
77990	12904
1525	90573
9002	8619
6389	55996
77691	41597
35116	14602
9442	97232
71374	10148
48500	72460
45978	38494
9921	48931
90984	80057
67274	38682
45396	81621
95261	72174
1430	30072
36997	89603
98222	19308
91656	62352
3949	20963
35565	69347
66580	55417
65565	45008
17468	54306
92800	30417
79348	79798
59856	19074
57756	70333
68306	43482
15656	19505
49577	63567
53170	33439
52747	2926
65278	51393
88708	44403
30102	69227
24644	24274
85634	96682
50988	6562
36979	19454
99252	60141
79215	16328
3013	59108
2590	53323
72828	71319
34886	34599
68038	38757
41684	88056
55801	37137
97892	6962
92542	44510
85136	27994
24677	17186
23748	70770
90224	92017
68510	60728
93408	89476
64937	64077
17401	96421
84092	67527
18478	6581
61691	18978
23386	2868
40005	19727
43041	95540
40050	37897
65892	35583
69122	25186
95956	6921
15290	9222
86302	2532
92008	153
64230	79710
92483	56945
40825	97983
20917	76575
95553	59303
62172	98960
18687	35292
30832	18529
72779	61728
13664	70882
12420	55023
78296	82786
8360	24728
27260	93586
10091	94663
90725	35620
92566	74322
88657	83209
59784	33391
9046	9574
8534	71690
23334	87570
6100	43573
21654	54166
41400	95231
50254	35318
34456	70172
94900	28550
38488	59168
53831	38512
74132	48580
39254	44557
44118	83050
32793	44263
53838	20254
8296	41840
29410	78724
38650	31630
85796	51862
47093	60304
11974	43548
13720	13699
42249	62782
21950	24972
63484	97090
45670	75782
36691	53969
53371	1276
45539	80809
1063	86165
28005	15729
10806	9360
40990	73767
41982	49456
9760	43139
86687	5427
19127	38086
868	16760
41732	61376
58466	22818
98600	21569
75538	20488
21764	35291
32452	28909
31426	83656
99385	33516
59228	75783
49551	10191
59647	218
59709	7885
13312	85759
40197	46397
63157	32439
10168	41065
63884	21241
42810	84986
21827	78836
30480	18348
63610	59943
43599	62932
12800	95036
70820	42985
69528	72028
88599	36723
44608	45528
47639	48308
94705	74272
23064	87837
28902	74214
95456	49584
34570	9138
4327	38266
72967	72749
32693	34807
14091	52929
47965	92644
51981	26892
98920	35137
88212	21510
83390	87519
52180	49172
23445	31029
35218	46885
37452	62861
12445	80473
89611	49260
87526	63367
